,Open,High,Low,Volume,Adj Close,ema_5,macd,Open000001.SS,High000001.SS,Low000001.SS,Adj Close000001.SS,Open^AORD,High^AORD,Low^AORD,Adj Close^AORD,Open^AXJO,High^AXJO,Low^AXJO,Adj Close^AXJO,Open^BFX,High^BFX,Low^BFX,Adj Close^BFX,Open^BSESN,High^BSESN,Low^BSESN,Adj Close^BSESN,Open^BVSP,High^BVSP,Low^BVSP,Adj Close^BVSP,Open^DJI,High^DJI,Low^DJI,Adj Close^DJI,Open^FCHI,High^FCHI,Low^FCHI,Adj Close^FCHI,Open^GDAXI,High^GDAXI,Low^GDAXI,Adj Close^GDAXI,Open^GSPC ,High^GSPC ,Low^GSPC ,Adj Close^GSPC ,Open^GSPTSE,High^GSPTSE,Low^GSPTSE,Adj Close^GSPTSE,Open^HSI,High^HSI,Low^HSI,Adj Close^HSI,Open^IPSA,High^IPSA,Low^IPSA,Adj Close^IPSA,Open^IXIC,High^IXIC,Low^IXIC,Adj Close^IXIC,Open^JKSE,High^JKSE,Low^JKSE,Adj Close^JKSE,Open^KS11,High^KS11,Low^KS11,Adj Close^KS11,Open^MERV,High^MERV,Low^MERV,Adj Close^MERV,Open^MXX,High^MXX,Low^MXX,Adj Close^MXX,Open^N100,High^N100,Low^N100,Adj Close^N100,Open^NYA,High^NYA,Low^NYA,Adj Close^NYA,Open^RUT,High^RUT,Low^RUT,Adj Close^RUT,Open^TWII,High^TWII,Low^TWII,Adj Close^TWII,Open^VIX,High^VIX,Low^VIX,Adj Close^VIX,Open^XAX,High^XAX,Low^XAX,Adj Close^XAX,USD,GBP,EUR,CAD,CHF,SEK,DKK,NOK,AUD,NZD,ZAR,BHD,IDR(100),CNY,HKD,INR,PHP,SGD,KRW(100),THB,KWD,SAR,AED,MXN,TWD,Close_bronze,Open_bronze,High_bronze,Low_bronze,Volume_bronze,Close_coffee,Open_coffee,High_coffee,Low_coffee,Volume_coffee,Close_corn,Open_corn,High_corn,Low_corn,Volume_corn,Close_crudeOil,Open_crudeOil,High_crudeOil,Low_crudeOil,Volume_crudeOil,Close_naturalGas,Open_naturalGas,High_naturalGas,Low_naturalGas,Volume_naturalGas,pvema_5,answer
Open,1.0,0.8090942296571016,0.7861285329510107,-0.052430973984109217,0.5170896167682839,0.6291306226563448,0.03166101889479429,0.25014000798886876,0.20693637728331224,0.22875658831367618,0.13824882693864338,0.3962515900667341,0.38341383356781744,0.3968816428237199,0.2836159862355584,0.39157090012006257,0.3783810875908482,0.3902343624203551,0.27244779405430414,0.5246705347873807,0.4420200796871084,0.4266407435455618,0.2449403559073008,0.4295781942091247,0.3725047552861114,0.375814321010008,0.24552635971257308,0.48182833417821913,0.32902136522880104,0.32953531154990556,0.12770443252171557,0.6900443375395152,0.41499649182826437,0.422224514803084,0.05258888669442559,0.5512137155985577,0.4719107939008264,0.4466449492098181,0.25172583486743844,0.5390007991772504,0.4323429355089611,0.42434694125419536,0.20317837459527324,0.6838183166750565,0.4216102176706248,0.4242354507279874,0.06144798776223156,0.4165291008449262,0.42631437008880146,0.39816631973341693,0.1739970953642027,0.629020838180206,0.5132346615583736,0.5140652319766504,0.3470174535041387,0.3663204274214233,0.28598168547256797,0.2543975625967807,0.18890197069393921,0.451331250974714,0.3414932091674724,0.3574326271764159,0.06327828223782918,0.39083698470125006,0.4128376365031712,0.3755083660835724,0.28498670854106656,0.6618798620045824,0.5425770136951432,0.5230621857162799,0.2951602602403845,0.3611348579712367,0.3082819527951766,0.26286260772621856,0.15839280784071139,0.5326498777390003,0.35283889177243977,0.3499766561220563,0.15239389745529733,0.545656453745798,0.46625640966056187,0.4403745678073737,0.2692492468018856,0.5864368363714297,0.38843159672357797,0.3960123364659644,0.08940472272297387,0.6019101428007506,0.39244366823262417,0.40509181597554433,0.0582466384582245,0.5596675663313053,0.4924570546355288,0.49444982609069454,0.32788008205732055,-0.35775764670210697,-0.19543260182521752,-0.24501846135132768,-0.03395367716657489,0.5224123721295147,0.3796082055527919,0.11480743816129377,0.1385773148189485,0.5165790890098259,0.5051168896268499,0.47996998918275535,0.5869799112913054,0.31087912478715213,0.5083321662291703,0.47874571464882,0.5048926714316311,0.6092024616623041,0.5678629451027797,0.5212743431547211,0.5137767884056583,0.43059339662174906,0.5116550587734203,0.5193764336906626,0.5143159993643788,0.5137180272076668,0.6037313885039982,0.5859171008932145,0.5073864151585404,0.4837244537507218,0.5151658418803248,0.5157142164585264,0.5977695188010523,0.5261628509747225,0.11182885756071484,0.1790484857827695,0.17715057948997986,0.1765064187369285,0.024474921270290363,0.06641191392038742,0.11658131597878905,0.09768718421870048,0.08317536153735833,0.010141535895906618,0.04690124236219295,0.1113561057945258,0.07775114697169618,0.07157023068023213,-0.013711887631126287,0.09518075056529456,0.24367811522803262,0.18681421612615304,0.1603495043701183,-0.001006337745069641,0.0541020370684927,0.06118870278139451,0.055387954792948,0.06281543018095614,0.0009102205729400471,0.5919978732537506,-0.021796034311210688
High,0.8090942296571016,1.0,0.8101303741410032,0.03979053592390355,0.7851269278898192,0.7499490268803494,0.019353416955138817,0.19802726016325362,0.22413927102821518,0.22442643742241314,0.19463555173314376,0.4005294872478591,0.43466250556968083,0.42513023660920846,0.37293094563275586,0.3954697315725321,0.4311101387183872,0.4172923193715382,0.36209044879144126,0.5919733453521505,0.5254619686141694,0.5147295894937881,0.33075592203389487,0.4277091414945008,0.4313971195001296,0.42207654007983453,0.3263551511126435,0.45443963920433095,0.3934211617413926,0.35981144008608695,0.18446738862560141,0.6271347815084628,0.46116902617275535,0.4511494745657097,0.1297674172339919,0.6466605748823303,0.5551297346626656,0.541326583431102,0.33011039033710277,0.6070230707062909,0.5258713600891907,0.5231634415623722,0.29293291980016534,0.6411349309109001,0.4726468546837379,0.454571454369042,0.13463535033306828,0.48609354126083093,0.47355258912328185,0.45253989928796723,0.24424349758274405,0.6108016496555058,0.6263901603340912,0.5822867427993988,0.5042087508427948,0.3548865619414769,0.31237836624344084,0.2950674542792773,0.24159411274678297,0.5287156256703784,0.4114250758172654,0.4160441376057422,0.13447822008314128,0.357475426222082,0.43536114747450466,0.4024880519007019,0.3653230899039895,0.5437613488372298,0.6014379558199662,0.5631405468287335,0.48692266751220165,0.3518687661705302,0.33678635650492955,0.28827447428554503,0.1931401909726103,0.5047970359593048,0.4010136042203885,0.39813625596614993,0.205376363200403,0.6449603557832677,0.5533406567009747,0.5404634190925945,0.347667019840699,0.5586676693555683,0.4460248818156557,0.44263626082499896,0.17171807768315078,0.5960325220985736,0.4433958083091356,0.44028548921911104,0.1242064734344472,0.4832629243164484,0.5320389621938353,0.5039666094420294,0.4632149817564365,-0.4023144589750043,-0.2445938059220567,-0.30376034258085843,-0.09218273836317634,0.49172221040993586,0.40981962037466657,0.13061140368909022,0.19898447381885728,0.4813095140426398,0.4813592753112613,0.4613705631391968,0.5662934059760858,0.2911899661523534,0.4964851808233269,0.46063578741511246,0.4688105581012779,0.5809725134608699,0.5452697418051727,0.5029064593721424,0.47818957004983215,0.40152788830084457,0.47987703957953765,0.48448662735121556,0.48126151368174214,0.47464818391047436,0.5719820172988759,0.5646127669409029,0.49088631609122063,0.4589197684238538,0.4794213207854236,0.480412505080692,0.5708799858802721,0.49478861841652033,0.16818084295508845,0.21035048523386343,0.24244064531392748,0.24559705612963295,0.02749832161834354,0.08307236795317893,0.11520770555438012,0.10767280730139776,0.10589832854452988,0.016339141740944505,0.07226762610880078,0.10586654796737809,0.09340325342147165,0.0938483633616424,-0.017633146573353648,0.12751735917197382,0.21122498793315744,0.19301023108206963,0.18953275674304398,0.005019845080261649,0.059516803731618016,0.057081476092725694,0.056142763786054144,0.06849827092426819,0.014178690002362764,0.721545241276996,-0.022399093841213632
Low,0.7861285329510107,0.8101303741410032,1.0,-0.19425853485705502,0.8124721942310459,0.7236516682229234,0.02255619945716695,0.2053719627780181,0.22350353428008016,0.25436129375751926,0.21195476162088753,0.396187400523785,0.42497661448756496,0.4481385049138219,0.3831886052910013,0.392957546792384,0.42205899500303173,0.4429911262648678,0.3739604196801108,0.6225421975329378,0.5429533631355512,0.5569663799302451,0.3416739998233573,0.4434535227352884,0.4450366008076469,0.47406874850606334,0.348852953300331,0.43561617714399453,0.39352516160945583,0.38982588899700127,0.19646631978885984,0.6361697423380922,0.4627441830265945,0.4744459197018486,0.13372611127255904,0.672405833635097,0.568085060002399,0.583870302020524,0.34976465274334934,0.6229633080192606,0.5325371472990679,0.5651591123956182,0.3088676720056188,0.6525338445680431,0.4793975369184017,0.4765034010561177,0.13821838692074043,0.5136219733378722,0.4800912629214831,0.45718622598920405,0.23611191664483797,0.6278566947963188,0.5881216819005112,0.6510765331863005,0.5159213095962177,0.3603844875413982,0.3345268902966591,0.32519044877605363,0.25482649080906256,0.5557810802866757,0.4290526735597147,0.43364978925903547,0.1378962780681409,0.35448169998685625,0.4427988098350766,0.448668297248045,0.40725508830120205,0.5425435315812648,0.5523228840053789,0.6467269952702529,0.5144417985198173,0.34063925560031827,0.33632808187351226,0.30927802252615916,0.20217586947368602,0.4934729389229457,0.41101757957672047,0.4218690732862502,0.22419824060892368,0.6716046063577646,0.5669363278751243,0.5836832361153618,0.3683912800342511,0.5770767775123753,0.45904008698716897,0.47143708492384806,0.1768376147661118,0.6103298038923859,0.4565263693509401,0.46255337292686205,0.12377049262115357,0.485912992626541,0.5031347685288168,0.5714775079806105,0.49759718098233163,-0.44501247832309837,-0.2822245096312202,-0.33081270737718405,-0.11024459938034502,0.5033842119651715,0.42794321148472775,0.14008304385005677,0.20854254499975935,0.46738196119505165,0.45705977398531167,0.44519154354758567,0.5447531506438694,0.2861213467411927,0.4706637994669243,0.4444305457698868,0.449489914954663,0.5629423405739356,0.5234139046405534,0.48626832440892453,0.463897437785635,0.3857487098180008,0.4638809404663018,0.46986935532609947,0.46607415838124316,0.46706317537632636,0.5609424346078246,0.553123143991259,0.4731646272443274,0.44008209793326825,0.46892537304368714,0.4668893540572299,0.5511307538767315,0.4839016233711559,0.19559658137439523,0.21706406793725097,0.2626718605384145,0.26365839376154376,0.025786542292235943,0.08312852823604788,0.11928111787325939,0.10841382415993074,0.11996678823946241,0.016591863615197478,0.06803929188717835,0.0970950640369605,0.07674106447957094,0.10886412655878856,-0.026568435254639505,0.11701707537569873,0.19174959943673453,0.17624924340271042,0.18261309714561694,0.0013157640852851575,0.05160595262900058,0.050025303421753056,0.0492573784222128,0.0686058948860436,0.007402916899954677,0.7032716159925653,-0.02094708738878999
Volume,-0.052430973984109217,0.03979053592390355,-0.19425853485705502,1.0,-0.09697031039839656,-0.05792457587586528,-0.003183905174502586,-0.028173989098274635,-0.033939842472218595,-0.05530491970069551,-0.05587913256953711,-0.07310644018948412,-0.06404591917480582,-0.14181522216498463,-0.10181189517729669,-0.07754473604896954,-0.06780825397855383,-0.14011836135889572,-0.09931210022781634,-0.14046776556970686,-0.1468002334963234,-0.13997765763931166,-0.1099076405471775,-0.08939142482512218,-0.0892036415095252,-0.11885175170239475,-0.07599416393951673,-0.045993954190119646,-0.08592473012113605,-0.09652607976948258,-0.05728884289555412,-0.08768867936436006,-0.13086230621819323,-0.09635478889680842,-0.06489931885905982,-0.13032858911161246,-0.13067563986674455,-0.12594517515572326,-0.09658634102542948,-0.10213095499844066,-0.12397383949135182,-0.11902279347943658,-0.08728094511749183,-0.09760971304200675,-0.13014960176416707,-0.09949392804207664,-0.05975575317507251,-0.11489696556129086,-0.12265346601792548,-0.06858888213048757,-0.06151647495881244,-0.085920700279069,-0.09267871640826564,-0.1369251398425916,-0.10924059804575453,-0.03323512387851028,-0.07711797489751245,-0.07073860273530107,-0.055313496253475196,-0.13516420074202898,-0.13274040528897707,-0.11313130371139556,-0.058697441207229854,-0.057029733677267117,-0.05027856516360289,-0.12946014205936135,-0.10058372027143772,-0.07075366357985426,-0.06261632939171229,-0.13474574289133376,-0.11374222686397818,-0.06226146592631626,-0.08525888745146269,-0.083822894912489,-0.05009603476268958,-0.05280307944823963,-0.09168374480883806,-0.10396010088724242,-0.07586615267807724,-0.1296340626882523,-0.1369334332798641,-0.12969209513585742,-0.10742443701772045,-0.08011806486478382,-0.11833468488049949,-0.08975909614865732,-0.0643786905672394,-0.09869407186204833,-0.11953287622170754,-0.08817837530071862,-0.045100954318549887,-0.07985128121879806,-0.08676603067780073,-0.13521372888121758,-0.12409868169216172,0.14822862968593395,0.12239486219304126,0.1225793742172316,0.049931978846814426,-0.06534135265604914,-0.12150434058851176,-0.04109443573713254,-0.07324738136162069,-0.02467692225082336,-0.03978097769911935,-0.046454315180842747,-0.055793821774328574,-0.019590172936599436,-0.05840776467343257,-0.04681470183726757,-0.054776127704892215,-0.07067468689581302,-0.05995762709971629,-0.05113588833417635,-0.02087868028996676,-0.024355000863693337,-0.02696278702174246,-0.02538722880629555,-0.03271437260411904,-0.03133489260249178,-0.0689157327052966,-0.06055491080749331,-0.03854736704102858,-0.01625582179303634,-0.03098501548430016,-0.02434828765892268,-0.0661194603097115,-0.0375665778557101,-0.05043599119617002,-0.046151968194621244,-0.08954578559023885,-0.05164125515233115,0.00471487850248836,-0.03973711008279316,-0.02851170721502572,-0.03618645830142907,-0.05276085800830723,-0.004354544280169411,-0.036833918599430346,-0.013830326220560853,-0.021053269537437063,-0.03989005378602323,-0.010725238097898188,-0.019273230452996882,-0.020769721394488874,-0.022380818444948967,-0.05269872506413062,0.00738132815915728,0.019654189413097503,0.0006767745531340154,0.003318120059259363,0.009298037399938798,-0.013876634368541758,-0.06027454606897442,0.00694062229628492
Adj Close,0.5170896167682839,0.7851269278898192,0.8124721942310459,-0.09697031039839656,1.0,0.7456983765457842,0.010779872198647665,0.11224366502713669,0.19892593877677936,0.2080835334671443,0.2569518890463649,0.3580526860780819,0.422740579153772,0.42618301901924205,0.4231110170011635,0.35551155538157947,0.4225497746824938,0.4217554808982774,0.4150705647236092,0.6336109653781781,0.5623228217292214,0.5786741431857009,0.3792415727133246,0.38875689661257595,0.4541235937226065,0.4729803734802243,0.3847691306941879,0.3544322056095647,0.40772733472729245,0.3708535475317424,0.245333671602286,0.5141232392606775,0.4571611536947719,0.45278660490619405,0.21145476436451943,0.6935860700858971,0.5827540379623821,0.5992926875704837,0.38636367112367953,0.628863328201827,0.5577891610625973,0.5834604281153619,0.3527848088988933,0.5426084218499475,0.47377901322008054,0.4568178950822619,0.21158324699023642,0.5050716232533731,0.47039403868093077,0.4519241810847273,0.3002452349610835,0.5085032308927976,0.6096277799418616,0.6411600489092205,0.6262432344563704,0.30697172587375665,0.32722368866886137,0.3244227399401645,0.281822945868851,0.546611711813948,0.44272756443655104,0.4330825386514949,0.20344315790001719,0.287840494453003,0.40355324127294767,0.4139098452000465,0.42249413017145615,0.3859045622436563,0.5236213342119337,0.5773033940016004,0.6227603246819798,0.2927447538152996,0.3237516383098096,0.30849450370419024,0.22869734372124284,0.41708451684786135,0.41635104218443963,0.41908179334218487,0.2669926643344785,0.7038209911334636,0.5894719782161694,0.6072771004686061,0.4020114080844759,0.4937529872388312,0.4673940124521815,0.46688546941449116,0.2530956978973117,0.53170957061517,0.44352125225913563,0.440368854120878,0.1783557560526127,0.35287083771150146,0.4534739622259376,0.4833018494874921,0.5418691179636408,-0.43693711329300083,-0.29890614010671507,-0.34515534435936673,-0.16479914996998082,0.41876903208342353,0.4184127962742102,0.1344250512628094,0.2592300199842677,0.3748564182945577,0.37573076512350934,0.36912297258020443,0.4549517458823416,0.22843409967657807,0.39242003497150707,0.3681125533113335,0.36580952976829095,0.46993387067381115,0.4331219055077823,0.41191164514731843,0.3701061361461444,0.30742498575339844,0.3745599226289503,0.37763742343119017,0.3751219872560814,0.3650539167739553,0.4575798135346557,0.4551308160772889,0.39957968204129685,0.36347253158306597,0.37563333245451924,0.37414707218201043,0.455248518588931,0.38400804932840454,0.2359636177714604,0.22642989653442394,0.3023738245194455,0.30323901487924093,0.026865376919021296,0.086280023064496,0.1082468679866023,0.10751698046868258,0.1287074426558277,0.013783288459089304,0.08223491369746584,0.08866984416799262,0.09495379141276514,0.12265613371735462,-0.019015875702574056,0.13452122125483867,0.15976677636647568,0.16708128688008714,0.20164503633656275,0.007648181001258299,0.05046209851501529,0.044098012989969126,0.04203282323278947,0.06604870329380017,0.0005192956204335573,0.7361360425753564,-0.03092301457296587
ema_5,0.6291306226563448,0.7499490268803494,0.7236516682229234,-0.05792457587586528,0.7456983765457842,1.0,0.06373315558155433,0.1509271294580663,0.19172111744897297,0.19538465172395603,0.20093432754313362,0.4270545413598207,0.39694790972126254,0.3791477110948285,0.31052222807589447,0.415489294621036,0.38654251602804307,0.3676703685411489,0.29721381531287444,0.44877781900280916,0.4028879811067938,0.4084405048452061,0.2699957362121763,0.35683219515389214,0.3950581963888265,0.3858150110116995,0.32622320293467943,0.3488755717356738,0.30948299221754433,0.2933518159612821,0.18371517190695516,0.42453277736891915,0.3399033465213387,0.32154408214084595,0.1412828691155289,0.48038973836734195,0.41877604742337343,0.4120706410319323,0.26514733581031574,0.4897225885391955,0.41214554625371,0.41246598118491434,0.25191398358456824,0.4355133101094799,0.34653684050105454,0.32379515367883543,0.142568235260636,0.37396623682955854,0.3757162316598985,0.3652383415282872,0.23455695925223707,0.43993040828180136,0.47917389252402226,0.48492496466580504,0.4435893190103445,0.30120916278621,0.24863413397235717,0.2325281512644084,0.18783665260930177,0.38271147290755164,0.3269572511798446,0.3065344283990897,0.15076725315459377,0.3183492051957896,0.37509053217344035,0.3557393385220162,0.34429205774487337,0.39737781263445865,0.4635200823374506,0.4729285394938086,0.4545759941517848,0.3060833921445487,0.2933994484600285,0.2716515557719063,0.20875953570982783,0.39454464645438453,0.3143464700924864,0.32157873317855723,0.1875306799539907,0.493901254034427,0.4279788674523129,0.4224563166191621,0.28339642578984914,0.4141679116098366,0.350694729604852,0.3377946592770548,0.17608669886225348,0.4235023608062764,0.35256156318937437,0.33277343968873396,0.1458637667141172,0.3684813154187621,0.4293078087967318,0.42345786637694083,0.4288755706587904,-0.28653856519088894,-0.18111607459602705,-0.21349997413823085,-0.09332733814612079,0.3722301422178297,0.3238300768751577,0.10109139566715036,0.19340509643195683,0.35054531604020994,0.35782410240631135,0.3335756600796708,0.42470962391269157,0.22086576689343768,0.34628090162527897,0.3323493628297175,0.3344270367728794,0.42833895737942185,0.40090791991480834,0.343573398467619,0.3463334922869099,0.3333263588640671,0.3480447446641192,0.35332908335720387,0.3717197837998366,0.3822900322901924,0.40407094785781894,0.4121608342577585,0.3670793050288604,0.3288666259975061,0.3480349386098388,0.3494075815505792,0.3890596538218456,0.38345005217214706,0.16321074217786583,0.17309779162749686,0.21234266744062955,0.21046731541197372,0.01897234040783619,0.06408554273195773,0.09014502525990072,0.07686911108405933,0.08502016894340515,0.0010656465438591044,0.06498267861969569,0.08855445664226945,0.0806954224899733,0.09149609538268628,-0.017729077814282342,0.10077732371701809,0.15897373584058977,0.14535773349398443,0.15369617103415348,-0.013063407539466622,0.054870890262475255,0.06150500701918188,0.05812291801605861,0.06527784583441097,-0.0022881700800564527,0.9168735313704826,-0.055163811554162466
macd,0.03166101889479429,0.019353416955138817,0.02255619945716695,-0.003183905174502586,0.010779872198647665,0.06373315558155433,1.0,0.020717801868519466,0.015408818213808257,0.00408175101729884,-0.012839240015682464,-0.009623416620818868,-0.011121031206667442,-0.016724740155085634,-0.00774535767089314,-0.010450199232419417,-0.012412930219289815,-0.01710593526442252,-0.00835359856993922,-0.036711389087879666,-0.03647782626269314,-0.03466887404520319,-0.024728830090496923,0.0018011073341571622,9.944598303373932e-05,0.007021332522431024,0.009537033877528146,-0.00925216609904653,-0.0051381528156783434,-0.003853594061262393,0.009587111719216867,-0.005021707425465509,0.0069030399911831864,-0.002988382588201287,-0.006796034877839145,-0.026525441537580217,-0.007469428516411813,-0.01809176255449612,-0.008474443726235866,-0.0218979474733506,0.013578491306490827,-0.0074903142489625004,0.013858247608575484,-0.01186851553427838,0.004473670554109177,-0.0014582661954656447,-0.0061837644194096845,0.0011884716299985678,-0.003375479427059472,-0.012097198993872132,-0.00030784960494129493,-0.01774752355346951,-0.01833077994189447,-0.02068279915642711,-0.01611477598304593,-0.02225387095537299,-0.01735867456701081,-0.01940618816552421,-0.016932655003544315,0.0013583279253745646,0.005832360949581318,-0.0011284541032204028,-0.006322109506686253,0.0014670903687702395,-0.004410214347232205,-0.009781734036663513,-0.00497674817774713,0.021445432059567233,0.01377197267428547,0.010392002202250113,0.003564006585908205,-0.0029219693345829347,-0.00975490851242376,-0.00439603685724363,0.004525989127526811,0.037277494133930875,0.05063197417348524,0.0445607870735259,0.05016514370408032,-0.021997002318442226,-0.005807806215429693,-0.01661634801067221,-0.006637896610608313,-0.008992337819864665,-0.011688058076397256,-0.0030652244538747564,-0.004122058065960213,-0.001431211357294648,0.01226126098888269,0.010735886780503948,0.006976945861652678,-0.02480335385734379,-0.03045281918344121,-0.02662703634335439,-0.032397428967888775,0.059452922220637854,0.01773631496533093,0.04566391259862497,0.018904095014434456,-0.017709627622956647,-0.010931785533236146,0.010271888776527991,-0.005511663999569612,0.0006301127286242605,-0.01365611090797972,-0.004420083017359976,0.005079619193885409,0.006098431520488066,-0.009785686963244266,-0.003811534037250598,-0.00599641881186001,-0.021963643714441268,-0.024577542474690184,0.0007564019386828429,0.0013898953677933007,-0.01130479942994029,0.004091841456588508,-0.001294077195685976,-0.013164811545842472,0.0035836539277872134,-0.0072342377079046985,-0.0040319163927128275,-0.019641525883377847,-0.004419258077671944,7.73100156068891e-05,0.00019776994191018113,-0.02021546562653172,-0.00479795265418016,0.004612409174042486,-0.00883627878023305,0.007929693513021693,-0.008056826543582623,0.004242953865645273,0.024889511674501996,-0.01393485399224056,-0.002301792469268532,-0.015819682456001422,0.001827205431041638,-0.01381549370206806,-0.020472065732439575,-0.016743398359096825,-0.010915749208050931,-0.014638986212050405,0.02218412618045151,-0.0016342426587315285,0.00029495590801911515,0.006219228176544801,-0.012399987679981652,0.009845354510554214,-0.011163055560293948,-0.0064352332696559844,-0.0016499747704035745,-0.0022558222994766095,0.0040997927908666704,-0.020119955494674928
Open000001.SS,0.25014000798886876,0.19802726016325362,0.2053719627780181,-0.028173989098274635,0.11224366502713669,0.1509271294580663,0.020717801868519466,1.0,0.7419593901975935,0.7350450241328408,0.24015853630753922,0.1591617185884887,0.1327046202495652,0.1311698694086854,0.0905943770476444,0.15547508566360566,0.125608121202712,0.12657730165155406,0.08265600518968985,0.17009975329409258,0.1337320858196364,0.12014726594594737,0.060458539154787584,0.2126300466597656,0.14051662430147882,0.14183466602973077,0.0709811369701077,0.24002654205276258,0.15245606365588119,0.13016216317423657,0.06293389767577894,0.23061853351690656,0.13394876292731245,0.11735759248991869,0.019888710888599916,0.13882336798819658,0.12105349157818274,0.1115283478220914,0.06127937669662441,0.1225285641633219,0.10250166263076975,0.09297245303793432,0.04465706551744774,0.22433037954436158,0.1332541131771655,0.12177692549164935,0.020349393947319088,0.1450810191909828,0.1503329470515468,0.09648153563462732,0.04276426889652078,0.39556525010256616,0.2671603725392579,0.2635640328018204,0.10502181033627138,0.16599368657458563,0.13425991090408773,0.08663729235399042,0.07351166377345805,0.10354025266950027,0.10045181170903388,0.0902668567520636,0.02371040980019849,0.21762242420496883,0.205051283885834,0.17278452882059706,0.1137909523879053,0.2592880734269588,0.20165420062565034,0.20479557904214832,0.07359534008803023,0.18406850879093994,0.1475881331296988,0.1005002113815741,0.06245744063002071,0.24151961182867604,0.15057427912729818,0.12889569254657082,0.054533334431373065,0.13584441682248513,0.11558643961789018,0.1078633216435484,0.06619729531411823,0.21669713007449834,0.1373964116223538,0.12483503512159017,0.027276812870174215,0.1788785853225031,0.12425985896537908,0.11172605476082377,0.021559775059125933,0.26410449194161983,0.21715140003617503,0.22237204930206275,0.11308239806061618,-0.07188844083058689,-0.03240322157948723,-0.07281519430631297,-0.014865376935368376,0.20811873900019223,0.1408788543422153,0.05985483107135453,0.03973632387354699,0.12268900312309096,0.15398582944094627,0.14777784022468984,0.19243312896790638,0.10729542427476368,0.185498038577238,0.1493560582421128,0.203585224815506,0.243887448773472,0.21966088636873576,0.1957744776845082,0.12184199300590196,0.13115604533426586,0.133209359069699,0.12423567920408148,0.18735653973523925,0.1825029188557211,0.19196562631126105,0.23119998309997256,0.13905265773973333,0.11714482258761799,0.12497321108795748,0.12226429882800469,0.2063687282994706,0.16306129313238932,0.04974559947716581,0.1194766578925336,0.09403747414474335,0.06655545062561001,-0.0081857451066547,0.04486083474667016,0.07136990081232564,0.0412764327138053,0.045235895826125666,-0.015669867724991418,-0.022830393947880605,0.06510539265267298,0.00880187338528113,0.009517697539243941,0.015111228811441698,0.024866666945188697,0.13866842127184353,0.09711270786927335,0.04282600956155011,-0.013841275747607068,-0.0001232669626213228,-0.010119083154360786,-0.01138848364653254,-0.01000521477043675,-0.0031849010879985064,0.14214361832780698,-0.013890145744973081
High000001.SS,0.20693637728331224,0.22413927102821518,0.22350353428008016,-0.033939842472218595,0.19892593877677936,0.19172111744897297,0.015408818213808257,0.7419593901975935,1.0,0.7178515548158545,0.6383708877376514,0.16860738596019512,0.15596915278335235,0.16808937084403183,0.1387661595291806,0.16488283189421618,0.14868202994319366,0.16359988448979249,0.1293781307562383,0.22839209210931996,0.1921320732252513,0.18744740622186815,0.11698299827992883,0.2356342347271203,0.22187195707814733,0.2118643505964024,0.1619404417823789,0.2115974482444895,0.20275008331441058,0.17500983841858983,0.12857059493585277,0.20320576568591506,0.17562852125169348,0.1463784405509073,0.06256218183222438,0.20293920692890796,0.17108058598853665,0.1768728707552322,0.11530186835145441,0.17829140237252628,0.15799405068817907,0.16602102370853225,0.1048337306233433,0.212816449552023,0.1799077401773385,0.15044158283570822,0.061973655085820464,0.19278303250859677,0.1986300326756652,0.14438577767835978,0.10380347603540382,0.3745740356158334,0.3845267874392444,0.34604105839497984,0.27635263267284216,0.16843612898506324,0.16621714541434957,0.1436641502669438,0.126344275158383,0.1621828645510962,0.15267965084514817,0.12625009317647404,0.054902720247543835,0.20950772751983504,0.23500851319249874,0.20494204270382063,0.1779868482622465,0.21032087723016257,0.23933750996209244,0.23248736701422423,0.19145308706071185,0.16540525351882499,0.17707720822074555,0.1304957536640564,0.10751632875769035,0.21505649029590942,0.18598200032712217,0.16629519345311458,0.105841342676318,0.20611282748637033,0.170236526964043,0.1760319279606192,0.11958223381477226,0.2048757946967106,0.18494920582579963,0.1615995409295006,0.08019478951730315,0.19080773422868716,0.16031308556705715,0.1341723236745516,0.04765033067162334,0.22778174192464004,0.2439906054960661,0.24716288048720525,0.21088667256446791,-0.11826447628293961,-0.08010235106245057,-0.1161193194334372,-0.03908272711851305,0.19734294393891857,0.1832906764756235,0.060586292910351905,0.09136359983856476,0.11228833893221263,0.1389662974141861,0.1421425539653494,0.19445027562710307,0.08965760921617769,0.17163210617937807,0.14307437601776252,0.18138800893120388,0.2330896054432269,0.21571118619683013,0.18915282602746913,0.1105288085896129,0.12925487063571314,0.12156459410179835,0.1141244728410287,0.16691421517113053,0.15581931255185852,0.18518383056341606,0.2177138992622596,0.1493991862684415,0.12076367583838668,0.11551843990142276,0.11312370876179799,0.19652445044759453,0.15007581466017522,0.12368823962835847,0.15024993141729612,0.1784614576516194,0.1560760589505533,-0.004625300534950263,0.07483364204970921,0.1161242994500231,0.09394157367024401,0.09509858808079794,0.0027729171814143737,-0.00530657891767578,0.06159539530075423,0.024049364399849286,0.03772114477965043,0.004358838500596878,0.07688203383088606,0.1214251262426945,0.13391011886411452,0.08911131938614744,-0.026085933927767018,-0.007770976731759966,-0.005663972019193453,-0.0019464618151218808,-0.0008633643937755162,-0.0004111054279248367,0.18941927582197804,-0.010224553768048763
Low000001.SS,0.22875658831367618,0.22442643742241314,0.25436129375751926,-0.05530491970069551,0.2080835334671443,0.19538465172395603,0.00408175101729884,0.7350450241328408,0.7178515548158545,1.0,0.6480416574600867,0.16312289149117862,0.15354799671281705,0.17469851211012732,0.14561307200866108,0.15969969805109982,0.1497990299967198,0.1699462952944561,0.13726713218362457,0.24320252943774343,0.20065991541362097,0.19673296830620388,0.11667841163014021,0.23279113451980946,0.2163555625560076,0.22103931433069726,0.1585425208994534,0.22800833003818013,0.18681831811841132,0.18771050700937048,0.11552900225599204,0.2295143091976637,0.15780015765933617,0.15734731733201132,0.03610182738295419,0.22332832414076928,0.183900335265845,0.18267248431092997,0.11024926907846237,0.19677201681397613,0.16361647431118373,0.16138666515916203,0.08970118741670244,0.2330072431508657,0.16440925638159629,0.1644510932217482,0.041974856998626076,0.1946778464329637,0.18978583518768355,0.17410870527131483,0.09820242294684339,0.3793349737096108,0.34830551758964257,0.41293140065753664,0.2943104585582624,0.1811860741492114,0.15945827650770178,0.15665352429197496,0.11954605048737475,0.16921035670646167,0.14820441547307686,0.14618858772826462,0.04894679837538098,0.1951735098859513,0.23626170046100875,0.2350277031200367,0.2054916918663177,0.22461475251105606,0.2252577603335886,0.255373106012658,0.1895282214127542,0.17982842762227041,0.1752342147952892,0.1549954748697775,0.1228620103630312,0.2182708591273699,0.17379184459393077,0.18096903566107458,0.11104911721765624,0.22650767950425135,0.1834008023890207,0.18414804364942497,0.11432518005794794,0.22518260061136022,0.1777322101367959,0.170889111086093,0.06167453645037839,0.2130233938056637,0.15217105836794395,0.15784731445208727,0.04176599248591745,0.2178257484028824,0.22806576004011653,0.2728368653526616,0.23131271735376727,-0.1629600482636911,-0.12214791341911131,-0.13553330221833731,-0.06053599174091189,0.20629791744891013,0.16782743258599492,0.0542598401364935,0.07713149302725933,0.11853026049065028,0.13837102116554995,0.1533677895651193,0.18867463803136533,0.11074746835321689,0.18719617871377098,0.1534997061379767,0.19315337177717928,0.24419729685176006,0.21627558447111378,0.19940655294754647,0.11601524406613774,0.13481416671413765,0.13008260979603956,0.11907903415907593,0.162051328176913,0.149919363041913,0.18616910834190106,0.20350099303084396,0.15966732174412473,0.12234083635300913,0.12045772848397564,0.11827051211358447,0.18698175528519406,0.15487091048477478,0.10751027493185027,0.1279165096112512,0.13607878660999168,0.1495985103287288,-0.009139143120741614,0.06547192302042762,0.1021439073708466,0.09089900805327751,0.07941490933106077,0.0045768176809202294,0.005610494291577297,0.0736745323332277,0.039253271384386085,0.05696028889778206,0.006153979851769909,0.051955019748307116,0.11946164818278558,0.10671528352324128,0.08049461843144651,-0.015142198764385432,0.004421581035789676,0.0036836382216857214,0.003741888010726647,0.011845022799877331,0.0022078912199186168,0.19039110188984015,-0.025853421648022436
Adj Close000001.SS,0.13824882693864338,0.19463555173314376,0.21195476162088753,-0.05587913256953711,0.2569518890463649,0.20093432754313362,-0.012839240015682464,0.24015853630753922,0.6383708877376514,0.6480416574600867,1.0,0.14268862558673132,0.14424534778705175,0.17210334986233453,0.16115491857677336,0.13918486612604877,0.14081876287561026,0.169110273355388,0.15348735391885499,0.25753036951651076,0.21981573188247,0.22432404783471743,0.15279511504983964,0.1797845140640962,0.24197557775175443,0.24214889023123778,0.22891349054638374,0.14187589491514765,0.19630065320626283,0.1857156603559474,0.16394444405714897,0.1603174456852384,0.16932818794438959,0.14737691348378018,0.07243519304151722,0.25611524039094824,0.19690737583695728,0.2075162224861076,0.1329292360997988,0.22916268402831833,0.18740743551356123,0.19401031210398645,0.12152170247316452,0.18106947610869117,0.18024226998349357,0.15517644931376162,0.07665265726910862,0.20254163532848693,0.20265864233223368,0.1834641035221458,0.141391342628953,0.25089660068911307,0.376849750488243,0.40414328464868704,0.4397791278436453,0.140861330012978,0.15653254266591327,0.18175913677513358,0.15276106952406893,0.18828080023218913,0.17153023746314952,0.15188249040372356,0.0768771673394007,0.12610943289503523,0.19889995986809397,0.21391569033079103,0.23146406183737464,0.1343020533927265,0.20231717323663928,0.22011669595702682,0.25643187169196796,0.13586629876484863,0.1723823874144422,0.160062593114639,0.1451097290888213,0.1499082685296579,0.1739814204688276,0.1782476133295806,0.14203571349937583,0.26334184604290883,0.2068874480786576,0.2145209036466323,0.13841296690836793,0.18156839605089015,0.19710817661603683,0.17166957340766628,0.10175303351473122,0.1881008663801077,0.1627348495813613,0.14304540018869777,0.061577588663584135,0.1354039291644958,0.1935523764934088,0.22284750635205836,0.25562684815121506,-0.18351852976265914,-0.1468072408509691,-0.15754371163793035,-0.0804375995001856,0.15446524725799238,0.18509705425943296,0.030527759995544468,0.11771389383335468,0.07330791563084142,0.09904168850357992,0.12758577955058573,0.15347299025088326,0.08048909350042248,0.14676788783826752,0.12659648890738226,0.1442554334063449,0.18775848282120605,0.1719856340912508,0.1567011185591249,0.06726939729540905,0.10941926873073667,0.07688450310702923,0.07443583819288958,0.09925116482922962,0.09392598385912528,0.14121402344011247,0.14467796263993318,0.14655986481772346,0.08214475505936315,0.07352482708224113,0.074148801643519,0.13146059888223427,0.10561146798672785,0.16651176953787228,0.1360643311382103,0.19540965183989592,0.22086604866178006,-0.006760883739474481,0.08445470799543661,0.11821221193258653,0.1264229186533063,0.10753005343467845,0.01388076434388647,0.050551230502487256,0.060109689392080765,0.06989985082897589,0.09146037919670025,0.0015495527144289468,0.10016598376984197,0.08359487407871835,0.13768903315235284,0.11240782832391968,-0.021093060761265617,0.003903633385577187,0.006747607546815592,0.01587027824408277,0.013050576801987759,-0.007602135786049008,0.2007898528173476,-0.023172225936663685
Open^AORD,0.3962515900667341,0.4005294872478591,0.396187400523785,-0.07310644018948412,0.3580526860780819,0.4270545413598207,-0.009623416620818868,0.1591617185884887,0.16860738596019512,0.16312289149117862,0.14268862558673132,1.0,0.7051600998284425,0.6871011091865145,0.3281920308756182,0.994053502087841,0.6890346879538528,0.6756484012820522,0.31056447265148485,0.3619361860872006,0.3300063967717887,0.3310676708170858,0.2302919635894244,0.33014034564585215,0.32501594796681327,0.3200380870018221,0.25599295981974257,0.34795895226037,0.2840213830616482,0.2913396038068036,0.19847280128846523,0.37992187959091134,0.3226487398552911,0.3191000602846893,0.16921899012993905,0.36186989071407855,0.33518902769130593,0.3374649579902838,0.2304815882959696,0.36677054921446356,0.32643620294418696,0.32630759964690753,0.2302845787299849,0.39473751192854195,0.3360632243934556,0.3281359744605179,0.18197412284533054,0.3696333109783612,0.3699053147024693,0.3816414906238198,0.2567502171072598,0.4205816543865869,0.41963412436757214,0.4182404959358702,0.37278600673116613,0.306698304890761,0.25395003370213626,0.230010564074085,0.21113128866660888,0.2984275526057258,0.2808675070203472,0.2848567951662504,0.16696312601109597,0.31269437276142587,0.3183329682722166,0.3319927486933068,0.2808135994538757,0.35150294985784314,0.37862433811628693,0.376669240269959,0.32194930528956944,0.2939333796323541,0.27301639456831905,0.259278728634175,0.19811722721624175,0.3740017589090156,0.28913991604928047,0.30644923658028345,0.20148621617130857,0.3737934047699233,0.33996228681412355,0.33771889724072374,0.24551445919818593,0.37261314362659775,0.3394183045932585,0.3396467826282038,0.21198149957598456,0.35225175464908837,0.3107115484399649,0.30974820989343954,0.1664177087410784,0.3254412973939734,0.3469938387507014,0.3350700667749986,0.3122284083116894,-0.25061958556234687,-0.16914443615273,-0.1985691470073251,-0.09191654628157828,0.3749381180648856,0.3357231409362175,0.09630144720557908,0.23507688073904598,0.1592023224060132,0.21915140641406317,0.2220567283312775,0.30857644918819843,0.13571237628861704,0.25735966300945873,0.2195159621315705,0.2688496536156542,0.3301885935742372,0.30760287032594313,0.2880784266776092,0.1605965288570096,0.19547015651784558,0.16758735306822903,0.16543490482178472,0.23344152841797858,0.22609106253058278,0.2586029611001821,0.2961344552256413,0.22951424571156742,0.1566977332101493,0.16178481812773168,0.15960114338427042,0.25096109494886576,0.22796700241267379,0.166274049163013,0.1581026750826119,0.1897352354420306,0.20505316791460348,0.008416987154159415,0.10470473601680717,0.09677843336038891,0.1031562286008923,0.11043763110209583,-0.01109830749068107,0.08200781704267884,0.09255516089086682,0.08432259706546429,0.10228378702254982,-0.0010297438515513154,0.13468735624833772,0.18386512652834808,0.18971746260029757,0.17880582684288648,0.011555436345184229,0.05025319886725751,0.04179697841611594,0.04335405053760091,0.049383218400641575,0.0018769882267622893,0.40350788886634964,0.005350981982890922
