,Open,High,Low,Volume,Adj Close,Open000001.SS,High000001.SS,Low000001.SS,Adj Close000001.SS,Open^AORD,High^AORD,Low^AORD,Adj Close^AORD,Open^AXJO,High^AXJO,Low^AXJO,Adj Close^AXJO,Open^BFX,High^BFX,Low^BFX,Adj Close^BFX,Open^BSESN,High^BSESN,Low^BSESN,Adj Close^BSESN,Open^BVSP,High^BVSP,Low^BVSP,Adj Close^BVSP,Open^DJI,High^DJI,Low^DJI,Adj Close^DJI,Open^FCHI,High^FCHI,Low^FCHI,Adj Close^FCHI,Open^GDAXI,High^GDAXI,Low^GDAXI,Adj Close^GDAXI,Open^GSPC,High^GSPC,Low^GSPC,Open^GSPTSE,High^GSPTSE,Low^GSPTSE,Adj Close^GSPTSE,Open^HSI,High^HSI,Low^HSI,Adj Close^HSI,Open^IPSA,High^IPSA,Low^IPSA,Adj Close^IPSA,Open^IXIC,High^IXIC,Low^IXIC,Adj Close^IXIC,Open^JKSE,High^JKSE,Low^JKSE,Adj Close^JKSE,Open^KS11,High^KS11,Low^KS11,Adj Close^KS11,Open^MERV,High^MERV,Adj Close^MERV,Open^MXX,High^MXX,Low^MXX,Adj Close^MXX,Open^N100,High^N100,Low^N100,Adj Close^N100,Open^NYA,High^NYA,Low^NYA,Open^RUT,High^RUT,Low^RUT,Adj Close^RUT,High^TWII,Low^TWII,Adj Close^TWII,Open^VIX,High^VIX,Adj Close^VIX,Open^XAX,High^XAX,Low^XAX,Adj Close^XAX,GBP,CAD,CHF,SEK,AUD,ZAR,IDR(100),INR,PHP,SGD,KRW(100),THB,KWD,TWD,answer,Low^VIX,Low^MERV,Open^TWII,Adj Close^NYA,Adj Close^GSPC,Low^VIX^2,Low^VIX Low^MERV,Low^VIX Open^TWII,Low^VIX Adj Close^NYA,Low^VIX Adj Close^GSPC,Low^MERV^2,Low^MERV Open^TWII,Low^MERV Adj Close^NYA,Low^MERV Adj Close^GSPC,Open^TWII^2,Open^TWII Adj Close^NYA,Open^TWII Adj Close^GSPC,Adj Close^NYA^2,Adj Close^NYA Adj Close^GSPC,Adj Close^GSPC^2
Open,1.0,0.8044999664691793,0.7839698960230426,-0.05204600787852996,0.5098957675902029,0.2512783796883581,0.2092338051831617,0.22787550069799595,0.134862521842474,0.39188071313197675,0.37469081584945985,0.38309164993067724,0.2647973516125473,0.3871595383388529,0.3695278755155188,0.3772627623642379,0.25487305782738273,0.5249769078366665,0.4380729943043235,0.42255879530420476,0.23435007230648713,0.4250218138330894,0.36960283669659394,0.36766882328147177,0.23616157668208063,0.4813402534388148,0.324280546072739,0.3214661048906037,0.11734079684725329,0.6773920412090649,0.4030513048045178,0.414317603219231,0.04818996607754327,0.5513512616842804,0.46448250828303067,0.4407811587145379,0.2393476500753805,0.5369249918126173,0.42457680035486717,0.416705046402269,0.18783071578092456,0.6712595055099351,0.40924205683238535,0.415302338763688,0.40827644703226446,0.4161820400743929,0.38924408650861225,0.15820973134838118,0.6279018998124004,0.5115347564747873,0.5135388007315411,0.3459676572801059,0.3646693422624348,0.27975370743055056,0.24524469607361934,0.17716341168988092,0.4420747332082784,0.33046521813989815,0.3479296544134649,0.05828069850974871,0.38985089400482786,0.40874216235545524,0.3713535521990085,0.2760022338329103,0.6664018547742122,0.5415728512835761,0.5217146035864239,0.2896852761997711,0.35630375207772724,0.2991994155811922,0.14693105362389805,0.5312810818726732,0.337907756352971,0.3410692766933629,0.13264351217513806,0.5458497559125581,0.4586236494766728,0.43413112957590944,0.2563891822703903,0.5706909003967671,0.3761202861852153,0.3853708437010259,0.5922989061807705,0.38259041236722346,0.3963082338369767,0.05344984255307283,0.4959289592258635,0.4975868820156625,0.3264252812758504,-0.35563139058194665,-0.1957038881593926,-0.03590219700934281,0.5184277962534266,0.37401725972124045,0.11349751638954363,0.1360796742287887,0.5066741870091833,0.5864710503246894,0.31270359855450874,0.5074483277566434,0.6104470797321653,0.5213282672411997,0.4282482476333255,0.5129800337107308,0.5114584494574407,0.6033957428885441,0.5852316779562435,0.5047276169311563,0.4852558169416825,0.5244470966093747,-0.0156654267182632,-0.24108254677511834,0.254807711644958,0.5624260273230148,0.08444211807864326,0.05651039202434149,-0.14169822439950078,0.07481423629494525,0.08806019379938636,0.03564731924991402,0.0322405002896264,-0.02201718603253408,0.047935594939894646,-0.030104693120130054,-0.03631937883672203,0.015621661932720294,0.00021579096487912077,-0.017869344879998195,-0.0782022189536518,-0.08311575344207608,-0.0866342903743736
High,0.8044999664691793,1.0,0.8070528658298375,0.04339710226201914,0.7826460474430325,0.19514580260178727,0.2244463140744636,0.2217981234549025,0.19447226429529443,0.3958330634439003,0.4277895184096978,0.4138490305270322,0.35476042071290287,0.39073448835503305,0.4239613539021583,0.4067877025365622,0.34487066469381694,0.5913490848446464,0.5231335562598496,0.5106613293151897,0.3244889718364128,0.42289677205540693,0.4267629531078272,0.41353646637581126,0.3161006319434393,0.454410074625792,0.3900178679597942,0.3508182577924882,0.17411487879293927,0.6193640415085258,0.45246261334508714,0.4446980838681846,0.12586086256281778,0.6452924011982178,0.552009614253964,0.5366615417192753,0.32281006630302456,0.6049990674332064,0.5217189939901854,0.5171473161283852,0.2823273421453931,0.6327768138635902,0.46375632742666484,0.44723878860528304,0.4772209208833271,0.46465423684401713,0.4420473992783541,0.23079618207335903,0.6089496198097618,0.624168651764158,0.5798453827514984,0.5000075190543681,0.3541472100772943,0.3086690757459409,0.28956564743126445,0.2343683568992572,0.5209304050377043,0.4031933634972081,0.4083243206069522,0.12929558661312518,0.3562581522309552,0.43120168122976427,0.3972986318230103,0.3558372980645424,0.5462193155952457,0.6022776838115481,0.5601889580877462,0.48127794241571425,0.3484643160500744,0.3288491278141592,0.18105332530240395,0.5035931811384929,0.3921036681288004,0.39017920353760766,0.1919028426968049,0.6432534600533207,0.549961628298981,0.5354983234617021,0.3400303508674767,0.5492688761764251,0.43618329967632197,0.4334856729423927,0.5885514357082535,0.4357726964267312,0.4328768088195501,0.11919684558513409,0.5368116430535667,0.5075577665307763,0.4633079960549069,-0.39920215291492456,-0.2428341298684019,-0.09256115521881672,0.4902141638499083,0.4040717789938026,0.12904972850977753,0.19483809195107635,0.481948505280583,0.566181323686907,0.29198811805813724,0.49569643438592065,0.5816872318356615,0.5002774013564315,0.40023421581475693,0.480657237548428,0.4726350635508243,0.5718595563208249,0.5630148524112089,0.48737407660971505,0.4607420366149859,0.4928691654887657,-0.017477041050339048,-0.3003249724441004,0.2806288210687633,0.48582181220814413,0.16646520204356494,0.1302354988552028,-0.17050715765150148,0.12061833630472749,0.1470214792108218,0.06266345624041021,0.054345367606986314,-0.07287125446929607,-0.014177553707679601,-0.06616598233379892,-0.06577359316585736,-0.04764787887059631,-0.04980867848638434,-0.05458354723373768,-0.06950890614305341,-0.0712757623914505,-0.07231837437790103
Low,0.7839698960230426,0.8070528658298375,1.0,-0.19446317303487926,0.8092634649913614,0.20326819823289183,0.22377447516491228,0.2532519885997185,0.21133293182452867,0.39319208738314987,0.417162898593943,0.4359526244822006,0.3634579659427638,0.38983955206317955,0.41381938780619965,0.43116446978763856,0.35517449269826823,0.6229615392338247,0.540215101302522,0.5541979703413239,0.33430992788567276,0.4427463941117357,0.4448917721697527,0.46914600680844953,0.34137319147414724,0.4358151586776774,0.3886935223598908,0.3815765056978556,0.18659315860123404,0.6271481377842066,0.4531794533828406,0.4691304192858558,0.13080130630302536,0.6725219732179234,0.5627723026044081,0.5800589020447131,0.34123267102088156,0.6216974902889226,0.5270901345986794,0.55989759575539,0.2982354296526905,0.6432150771297473,0.46976799765425536,0.47044501044883646,0.504873559544557,0.47094935791463227,0.44877819877072106,0.22318527547997938,0.6276271920316351,0.5869352293110943,0.6507678693959145,0.5138432884091758,0.3594233023079908,0.330303655998707,0.3194426858032944,0.24692670716886903,0.5478933863923567,0.41951368716146975,0.42708622597922435,0.13312954002079444,0.35513344025926497,0.44071248544227404,0.4461099984283693,0.40001596807479545,0.5460245801708958,0.5550201696478804,0.6466563295152121,0.51279823993291,0.3366308421933368,0.32886964754728987,0.19171831090728944,0.4939392457740709,0.4016239561158203,0.4162413546714977,0.21038880020926642,0.6714330828207054,0.5614462455640955,0.5795835437100538,0.359427247561894,0.5679789385402788,0.4496586622837407,0.4643014588836994,0.6026141123997755,0.44780333895002933,0.45659009526772865,0.11951387602390358,0.504991403067987,0.5742109162860546,0.49622009423425023,-0.44356849404897186,-0.2831708148170281,-0.11286190030055424,0.5014671036023173,0.4224005644220289,0.1391423260470931,0.2057319446889954,0.46046803614324666,0.54535345123431,0.289676889357442,0.4717475608059175,0.5646408457364618,0.48652230624353426,0.3833775137625979,0.46682906050172684,0.4666290092656533,0.5617994706835334,0.5524323593200916,0.4710801702334717,0.44299417345703757,0.4829279313875595,-0.01686617540928356,-0.33013867286466125,0.30221125244501984,0.4866925055364864,0.17291520393480012,0.1347766869238305,-0.17911095025103463,0.11815308108915072,0.11749008788029153,0.05651302812134517,0.04965520309740527,-0.064855096767537,0.008843612098544389,-0.055016999168118794,-0.05629068666871266,-0.004445290049786664,-0.020157644122616,-0.03150413476979038,-0.060810254015172864,-0.061037625228042444,-0.06022701874310716
Volume,-0.05204600787852996,0.04339710226201914,-0.19446317303487926,1.0,-0.09426870023005196,-0.02644558583421747,-0.02996310575457914,-0.05374134947822003,-0.051486556521106445,-0.07240685299559547,-0.06212459772741634,-0.13784366837777676,-0.09807341968233813,-0.07687906467394204,-0.06567672576075102,-0.13615312815824468,-0.09567448924907425,-0.13807723736452301,-0.14322783105142128,-0.1371890381392747,-0.10639718514200541,-0.09095667216221152,-0.08654848562877443,-0.11758211660504735,-0.07094939958178685,-0.04663421764670217,-0.08509184283711464,-0.09774267261913194,-0.058421532842695675,-0.08694091769901577,-0.12683911034556,-0.09681948754855624,-0.06389287829405647,-0.12859543658548436,-0.12597561235479948,-0.12194996186728367,-0.09192973950824618,-0.10050957597676857,-0.11938389996286362,-0.11472486748288745,-0.08233468052232801,-0.09671683555194499,-0.1266405401344417,-0.10085339841208922,-0.11293703154444087,-0.12170693169932774,-0.07011249081087172,-0.06381531633140043,-0.08477340711243174,-0.09129884020435208,-0.1341181667459651,-0.10652320509527505,-0.030440320317751016,-0.07458386247778889,-0.06803283471760904,-0.05388272872979923,-0.133285871251571,-0.1282431779106506,-0.1130586875201956,-0.05738795748705417,-0.05580368225481527,-0.04837868612303343,-0.12682911255724333,-0.09763907979111085,-0.0706044497356037,-0.06282162333653878,-0.13547654174089577,-0.11499536298338141,-0.06163554177272949,-0.0821863847488716,-0.05041125324452293,-0.050310687746123274,-0.08790287222986341,-0.10299385411513276,-0.07452096800072983,-0.12766208224308417,-0.1321624976951468,-0.1255819682085046,-0.10241162091089254,-0.07832914913370873,-0.11571911073495321,-0.09012633460520285,-0.0983341337408178,-0.11657312824794536,-0.090349934690243,-0.04614600314292285,-0.08435558327925907,-0.13321183218040963,-0.12089497067715595,0.1485118998777916,0.12416373286458604,0.052843198303361004,-0.064814829658657,-0.12240572475581006,-0.040267864762406964,-0.07474003809385567,-0.045371149292271325,-0.05725533527804928,-0.023763251780903275,-0.06164533813780989,-0.07261177034843794,-0.05262586934399279,-0.023268958599622858,-0.03379218008927401,-0.031166533855802665,-0.06988359883389691,-0.0622649298440465,-0.040254938363705584,-0.01792487385571323,-0.037438433361848836,0.010009528339828775,0.12448535281495157,-0.08481306503070772,-0.07728447984517132,-0.06473093466554135,-0.059431306895472755,0.11255984246988388,-0.05540376066416147,-0.08916345308757925,-0.07448530289706703,-0.07456104791420674,0.03349851119771129,0.04164127345067241,0.0556685931903538,0.05560905587370184,0.060704684343127605,0.05605369538257327,0.0584845250570697,0.05300310303051311,0.052271130056070876,0.05170638409661178
Adj Close,0.5098957675902029,0.7826460474430325,0.8092634649913614,-0.09426870023005196,1.0,0.10865394965878752,0.19707812389146656,0.20548256304481918,0.2572932978236758,0.3538001806009151,0.4164125826259692,0.41604772469484846,0.4056567283520257,0.3513583184938435,0.4160611050783156,0.41196778363894937,0.3983694269520067,0.6324699723835261,0.5615299434270936,0.574442307035763,0.37433873782009924,0.3828876665294467,0.4499818129544497,0.4646768766223358,0.3764009066692916,0.3534796791429036,0.4032734969938342,0.36163809074068465,0.2351978271014538,0.5062284058140996,0.450472864568204,0.44601418114695807,0.20888023345406972,0.6915949532159126,0.5807014354551367,0.5952130571199488,0.38097993531601004,0.626241435062199,0.5554414722813115,0.5784074802167823,0.34567610619483863,0.5344174859997938,0.46751613621787314,0.44978615277386974,0.4963220244125897,0.46185155505313014,0.4428637301094607,0.2894419219326953,0.5050553154716586,0.6056067568278161,0.6373996277468373,0.6209978505881427,0.30507371852686976,0.32363765120850363,0.3189230478778763,0.2763904465791044,0.5383586837875436,0.4363807724415436,0.4258953798035347,0.19897731994419882,0.2867339601413188,0.39924619580009,0.4090474229076326,0.41403877071478906,0.3858819100199388,0.5252206144429028,0.5761291725730308,0.620592929731145,0.2894547182242534,0.31793595181823303,0.2182148954666862,0.416087495849402,0.41156535998742083,0.4123953736606825,0.25673288418918494,0.7011653068721723,0.5871605713284854,0.6028676272675365,0.3962711558455793,0.4880730131910076,0.4604725206682458,0.4595839637543693,0.523086595315134,0.43725158031809463,0.433211425710593,0.1746816392540567,0.4553946036889505,0.4848168117071748,0.5405031416010105,-0.43329061996172596,-0.2963085109897509,-0.1650543616778906,0.41695871499317566,0.4127802732881626,0.1329195371378715,0.25529722783046654,0.37575146976809565,0.45380564382177574,0.22846899248878347,0.39011008886613313,0.4684388214548142,0.40984122463504485,0.30527019101796793,0.37384664214466234,0.36342353477392864,0.4564637537302785,0.45185074942172443,0.3954495784413351,0.3650058255395667,0.3823626496509284,-0.023698552350752727,-0.343328682061395,0.3016259221997154,0.3535410750350803,0.24929770307265825,0.20871485707735796,-0.17615131950688276,0.12841264173362593,0.13975605634147695,0.07386851278747399,0.06641060988283792,-0.0917997431716642,-0.025893421846755853,-0.0855340436890223,-0.08300097521316127,-0.04111113206649478,-0.06794890840524323,-0.07048144906218307,-0.02838725575925971,-0.023975648627916915,-0.019012174297796152
Open000001.SS,0.2512783796883581,0.19514580260178727,0.20326819823289183,-0.02644558583421747,0.10865394965878752,1.0,0.7382814670390329,0.7320060752865629,0.226537415417422,0.1542933599664108,0.12769835432827534,0.1202634820888683,0.08011735133808992,0.15093973553995638,0.12083744000934196,0.11560412348550651,0.07337075450051028,0.17080720007210431,0.13385492202982102,0.12037895515741796,0.05802740343752839,0.20599415890228234,0.1374943392728543,0.13290709132814554,0.06671459788562248,0.23774764911937868,0.14796929059335,0.12610945554059785,0.05749989197547758,0.22651312713512822,0.1308984631401105,0.11558188730357305,0.020193409148898802,0.14167901479247538,0.12059091001387123,0.11308455785512457,0.057236179313956394,0.12585765540160126,0.10250395540446133,0.09363619402173057,0.0389655415464383,0.22061233994176668,0.13181518540835416,0.12021212000985436,0.14325480180214328,0.14369586091553987,0.09877831947686555,0.034601133937618746,0.4020411600767846,0.26807338810608566,0.2655127502999635,0.10237714827669378,0.16214918085316146,0.12887457429868812,0.07781115161713763,0.06537418237378483,0.10116460150228729,0.09973374112261277,0.08745669451828376,0.023763839535376714,0.22134416337049004,0.20179786462385313,0.16874802287945684,0.10393145328959073,0.26296319936685164,0.20206023481681,0.20721130832200388,0.07326035718562642,0.18051712504186898,0.14362850898844765,0.059900656191248854,0.24148401724684132,0.1435387623465908,0.1262111717494404,0.045485767405896826,0.13787411709946393,0.11479057962730085,0.10885896161684415,0.06213712473340724,0.20990015660417558,0.13472882489941862,0.12189848499629474,0.17400293397142216,0.1230838980111845,0.10915268754819347,0.022642091292064327,0.2179845921844005,0.2248446877205047,0.1140751716519565,-0.07204364127810588,-0.03437427154352155,-0.01801492426788684,0.20561875070887875,0.14234900133204473,0.06033480464046445,0.042640497178853494,0.1541586129101071,0.190339333320492,0.10658481268274134,0.18481653569059978,0.2428115563902276,0.19440739215110217,0.12597467432378667,0.18464205865655625,0.18190311918719462,0.1915404259306741,0.2313110495596309,0.1366847296836202,0.12028473016495728,0.1623803420131506,-0.007123343692024206,-0.0725414856551969,0.09964150009167726,0.2628103429477614,0.02922593609818459,0.021384670731050697,-0.05969265626857842,0.017865763898975488,0.032864358842071464,0.008361422362922345,0.007894036262396141,0.03297983997937151,0.06436528335644726,0.005934391207157536,0.0011316327570078573,-0.01104027559736732,0.021451322219488953,0.010124151203225407,-0.03780281000565122,-0.043394678862866354,-0.04813129735319242
High000001.SS,0.2092338051831617,0.2244463140744636,0.22377447516491228,-0.02996310575457914,0.19707812389146656,0.7382814670390329,1.0,0.7117818664111544,0.6304114457488939,0.16596370526559986,0.15156966410074518,0.15499919738917717,0.12366300475572545,0.16214605300480298,0.14390793511525343,0.15046739643910775,0.11540022979065023,0.2275507943827398,0.19051348903354584,0.18753810452604214,0.11633033288752734,0.23380290094468606,0.22060845849870717,0.20406629527240205,0.15481945022394378,0.21147018736061998,0.19839267249233639,0.17086334680339055,0.1200051362701331,0.1993851790811423,0.172483550994697,0.14360390510555568,0.062143238880782575,0.2049035593833826,0.17000331305297686,0.17802100031529697,0.11238613011425913,0.18151954920709923,0.15802789776872084,0.16633527541698187,0.09916973909831858,0.20884891087677115,0.17769232039198005,0.1471632174575281,0.18728931140238186,0.18886510109422447,0.14282785583123622,0.09144179323426564,0.3826824388498941,0.38807863551473054,0.348002116548089,0.27529850158712915,0.16752218029649915,0.1612038718192118,0.13664520625870685,0.11645891875090085,0.15971185252868667,0.1522172715457928,0.12277973886406336,0.05481078738090286,0.21387141916433008,0.23273451826680897,0.20179046473762607,0.16799777463799784,0.21346563368524354,0.23916594460991236,0.23292983831731634,0.1910017785947799,0.1632200487268405,0.17228131032142077,0.10205155053298003,0.21747460926548043,0.17824154028030945,0.16474914765183704,0.09491513991293253,0.20691124797382038,0.16878737766347465,0.17680734149201058,0.11681764354889189,0.19764536245037645,0.18092411827385868,0.15638614263187642,0.18602673350160873,0.15914070199728952,0.13058530378094405,0.04794277067321653,0.24480522496561966,0.24975254482596995,0.21393230851156778,-0.118890206897094,-0.08195707997418289,-0.042406537900873516,0.19490528836874169,0.18284586825148644,0.0598974387260682,0.09241748407333451,0.1371909547871071,0.19172437721596997,0.08780455756863023,0.17035107360881782,0.23175251484629378,0.18667362118778522,0.12081292083193851,0.16383534285380077,0.15460933262873608,0.1831899830849313,0.21878618499119745,0.14245156990509134,0.12420164512088205,0.1485565962149517,-0.007075957655905599,-0.11649635956294727,0.12870410686172917,0.22550446053503947,0.0804397678714089,0.0620135342474454,-0.09323772982153876,0.05985380822932008,0.09109304276622679,0.03330169968010879,0.03083412389835501,0.009557353804813144,0.03065262490692487,-0.03061318671128072,-0.03362794301023794,-0.05156991936397091,-0.029139409797717338,-0.0330411194018241,-0.025370840578723474,-0.027551312893967613,-0.029451951520608383
Low000001.SS,0.22787550069799595,0.2217981234549025,0.2532519885997185,-0.05374134947822003,0.20548256304481918,0.7320060752865629,0.7117818664111544,1.0,0.6391980798211645,0.15683088383066252,0.15011507363735993,0.1652149924167188,0.13572751788692838,0.1539016811928559,0.1468655841626276,0.16015546723337176,0.1284365788770695,0.24149757351636705,0.19996640362962442,0.19492152487434966,0.11527823501737734,0.22597013863451834,0.21175050671006845,0.2101722205375482,0.15179021781117255,0.22229113404188044,0.18091976982735136,0.18221749137477258,0.11312672190084348,0.2261119597123697,0.15579601544927724,0.15808602977351147,0.040322387498429646,0.2222068387643054,0.18306467868061743,0.1815274789930121,0.10787475775401345,0.19593955527156398,0.16160216143127498,0.15922097362150445,0.08435823278484238,0.2298645956348531,0.16356368467708646,0.1652786275445727,0.18856749982334842,0.18516632390336274,0.17199922741371207,0.09496620788198981,0.3828466528275906,0.3463245075289363,0.412636227074424,0.2900361735002736,0.17676392786904846,0.1549088339309431,0.14820710542286275,0.11413207394538186,0.1658511901925299,0.14822726615193305,0.1461988742558286,0.052579518515919625,0.1963505669920794,0.23074342956350632,0.22829871141841032,0.19431605774875996,0.22737777635842849,0.22634980248025824,0.25731127294512796,0.18882006327015285,0.17559536527500955,0.17127205747527563,0.12160675680998087,0.22004889045418954,0.17119034410294032,0.1808526479855953,0.10707029639300499,0.2241155735359481,0.18212308656243456,0.18261760167375565,0.11181287056962891,0.21961294878641632,0.1750651214612223,0.16938817988579916,0.2094406030331822,0.1525799493468315,0.15886591802181707,0.04668154709580376,0.2264015080702499,0.2741417056099266,0.2318511620794829,-0.15956425374238575,-0.12351383134425466,-0.06521534985573706,0.2046890891373018,0.16678477883676376,0.05348512379586151,0.07876814170267274,0.13689681675979154,0.18501363200914336,0.1088015224539332,0.18658761291237308,0.24191258281749023,0.19651903348543096,0.12921886912232292,0.15753739614575185,0.15013436936955313,0.18470829736876798,0.20502782573961348,0.1551418815617558,0.12480442063826264,0.15369390345936726,-0.025836363518751064,-0.13611588655068305,0.15508768910484694,0.21402071563543631,0.06603878590308268,0.04685464837220774,-0.1223124912377754,0.08442895289592432,0.08520512213584167,0.055578413066517486,0.05270249214198247,-0.017298926512567477,0.020770714393915653,-0.03277137556402772,-0.03495061912149053,-0.03603929684770241,-0.01744033604966943,-0.025104999427613864,-0.04777448886840952,-0.05095852062318994,-0.05359797319108812
Adj Close000001.SS,0.134862521842474,0.19447226429529443,0.21133293182452867,-0.051486556521106445,0.2572932978236758,0.226537415417422,0.6304114457488939,0.6391980798211645,1.0,0.13862382591111735,0.14265747802723322,0.16404366324700131,0.1513751423718404,0.13545132923290784,0.13937013046593072,0.16086217108272,0.1444072233468239,0.25300420864417056,0.21780681060515666,0.22286877942808953,0.15509330226534626,0.1759467638152009,0.23816177139021497,0.23361663604224528,0.22125869058621417,0.13903215546247155,0.19221112218970562,0.1827919632897946,0.1620647935280542,0.15687701740679866,0.16857459268409009,0.14777585286569814,0.07729899390866203,0.25190604674456196,0.19582205377544987,0.2058907740459514,0.1338745217193664,0.2260746631496677,0.18549265891840128,0.19245742194640733,0.11959115163094033,0.1775542533462776,0.17962824405562952,0.15519980171936618,0.1944647132257346,0.19765638858467607,0.17814441967602168,0.139183941277835,0.24951063576282512,0.37477659128553736,0.4006054934159717,0.4375540089401473,0.1376400490980451,0.15359464152027913,0.17708758177460285,0.14963522851507455,0.18588572497024422,0.17238051823960548,0.15279098287217044,0.08149889807398426,0.1244842941807065,0.19284726432597799,0.20758337787514833,0.22226128365810216,0.1316752804810415,0.2013828966928618,0.21822175742728164,0.25676819507640525,0.13259500744179462,0.1686694446850251,0.14181762158440736,0.15151590631535605,0.17246084211463894,0.179247500533999,0.13965746232333445,0.2579263989372203,0.20530684115946546,0.21283958605886952,0.13923416260463384,0.17774133731593741,0.1951336902397811,0.1703154968237958,0.18459393231628046,0.16296807005634295,0.1435431048555979,0.06615515165467982,0.19048999908961875,0.2217957561276241,0.25750936381325484,-0.18100771741458155,-0.14784526455908575,-0.08503056162008725,0.15147309705330056,0.18149901013539615,0.028072655188484712,0.11756473197247969,0.09430304416316564,0.14846608911244516,0.07727295784351321,0.14367651175354565,0.18346058030795354,0.15122125145343335,0.10306713973804439,0.09504950677852793,0.09257321334349712,0.13744029861600035,0.14463751544416603,0.13882828932095959,0.08287650580244059,0.10431814377816989,-0.029473278372347683,-0.15913472586131908,0.15919492472268523,0.13056466895763827,0.10557033462482542,0.08163038021850184,-0.14732247978532495,0.11608869764491697,0.12303176810636145,0.07740182444951865,0.07316283857756409,-0.04420353088776145,-0.016437405693998694,-0.06614559791208702,-0.0656231949411038,-0.0659044699067488,-0.05914917656750901,-0.0575673880566142,-0.02315467446013741,-0.022622702353999127,-0.022107870813712308
Open^AORD,0.39188071313197675,0.3958330634439003,0.39319208738314987,-0.07240685299559547,0.3538001806009151,0.1542933599664108,0.16596370526559986,0.15683088383066252,0.13862382591111735,1.0,0.6998828323944083,0.6734456380012968,0.30932211407257026,0.9940648720373226,0.6832156872885188,0.662296063168172,0.29254103686935745,0.35480799731474066,0.32440591458721924,0.3238101522281681,0.22637820648671036,0.32378106990078964,0.3151305817330637,0.30791764064269334,0.242848885661216,0.348074131671957,0.28245877859538787,0.288633578093372,0.1952666891501577,0.3768842489470347,0.3200563020987521,0.31587273270505,0.17031102712049537,0.35453798800037883,0.32998608933546725,0.3303609797254697,0.2262014148210118,0.3605029781461796,0.3195899246372944,0.3192393278003818,0.22406200803514853,0.390763444749882,0.3335442421642122,0.32529789207122123,0.35765481217311657,0.3637624699207556,0.37357695233524696,0.2534954948011901,0.4129579020718582,0.411599622934795,0.4111028697020532,0.3653742144941857,0.3049421752847364,0.25541588574087454,0.22511979827401693,0.2115676551751589,0.29292802407905894,0.277933765303948,0.28210761173093735,0.16754010152511703,0.30926662337124317,0.31159261829018847,0.32380245433211347,0.26950706335418767,0.35231281376765633,0.37866647742942444,0.37460586900876197,0.3181927274869643,0.29145692991974914,0.2703168984998689,0.19413302748820083,0.37145918377229487,0.2886595640999539,0.3037228649427234,0.19941513592332305,0.3654054216761804,0.33417191222397813,0.33017882474206545,0.24091225265209854,0.369181474188897,0.33624938648724245,0.3361344979541659,0.3465452338131391,0.3083928711375172,0.3082384848830838,0.16876404109610585,0.3478643810537494,0.3368430270775686,0.3122848521727776,-0.2464526670009176,-0.16851862901680253,-0.09537244646740017,0.3699028965249639,0.3316419395022863,0.0947303531728639,0.2341798351586496,0.2196063417263568,0.3068361788578604,0.13535113582054076,0.25627324311442123,0.32939286804136964,0.2856955288666568,0.1948590165797621,0.23490533400881128,0.22686456377298173,0.2568446867908231,0.2971984271924343,0.22161818581645532,0.1604466246114693,0.22729691497868426,0.0029560826350819016,-0.1993070130586481,0.2569875021654288,0.32554802560981205,0.21292739884171152,0.1830470940308836,-0.1419916883566857,0.13088350492054615,0.11708284415357341,0.09161137747258652,0.08477482073251397,-0.07673369689362187,-0.023767472817793074,-0.11690591540871628,-0.12020098976885678,-0.06107747595564251,-0.04843260835947872,-0.05152740864580064,-0.10392607984881544,-0.10097592184213332,-0.095704625670094
High^AORD,0.37469081584945985,0.4277895184096978,0.417162898593943,-0.06212459772741634,0.4164125826259692,0.12769835432827534,0.15156966410074518,0.15011507363735993,0.14265747802723322,0.6998828323944083,1.0,0.7885713530841194,0.7321660378238835,0.7041202193911077,0.9795330442378742,0.785882711599351,0.7215042031323525,0.42082335816526845,0.45263023536690816,0.4524224504097857,0.41055102447372405,0.3097408956571649,0.3561668159254795,0.36172126037581737,0.32055140179914793,0.33769423323357173,0.3822902411867562,0.38653738962512857,0.3271498767458154,0.4017566787582997,0.47296231244141645,0.4279597004421417,0.3623658048038432,0.43449860110609695,0.45887212384648274,0.46245041100104856,0.40721002042127746,0.4042378965173081,0.43305039469002815,0.4420345364422807,0.38378759926966105,0.42714787628839035,0.486038349444137,0.4516884322589267,0.41177054608834607,0.46951324384631604,0.4611180321185948,0.4262712182160234,0.42300392631536954,0.4483708220712882,0.45968339287588456,0.43278868520499303,0.2662977042540637,0.3216506272443474,0.28292470018372645,0.3307813782284736,0.39025944998223283,0.4339142648294726,0.42755295834227736,0.35234691616881086,0.30087954180864407,0.35462275925595843,0.35015150505650283,0.3355669435989674,0.3670595494110475,0.41637404821852164,0.4182937284852947,0.37813623356494114,0.27749205673832794,0.31082371381354335,0.2930973808109207,0.36941486828741477,0.40546926929498456,0.3938501038125614,0.3486651045178659,0.4415407557224841,0.46682239387728786,0.4652489090205701,0.4258656671963216,0.389890018577578,0.4725177675848824,0.4527621625664292,0.4037838747315418,0.4481518417375608,0.4474817171271249,0.34888343341016426,0.38626417140295827,0.3798970589335482,0.3711578300312553,-0.33989723870956323,-0.2868230868721145,-0.24300485285782247,0.40075579190667926,0.44320345173664455,0.14785711494680237,0.39334414756792685,0.22066113269927684,0.31781267259708323,0.1319548638923315,0.27583692613385885,0.34529754463372736,0.30274551113884696,0.17934789479158886,0.22684278358165064,0.20768174296464412,0.2827004470801778,0.30376101566120073,0.22162708394679043,0.16357075790734776,0.2158752314929056,0.006972318192839677,-0.3413319952654647,0.3125953263771831,0.35488539280763515,0.40923950200606624,0.3775780606649484,-0.13635540076107913,0.12359810025427152,0.11772606332505346,0.09110828334265661,0.08311169194536336,-0.08262113837417924,-0.013066871771608106,-0.13245170946137164,-0.13528018690209012,-0.039948845037136416,-0.07355329167194194,-0.08189993418176927,-0.08539459162952626,-0.07822904909011352,-0.06895777256793949
Low^AORD,0.38309164993067724,0.4138490305270322,0.4359526244822006,-0.13784366837777676,0.41604772469484846,0.1202634820888683,0.15499919738917717,0.1652149924167188,0.16404366324700131,0.6734456380012968,0.7885713530841194,1.0,0.7881230342645608,0.6808585371725694,0.7994434603745835,0.9944936590778508,0.775005024117719,0.4648087598659232,0.4727470339670791,0.48750591969248697,0.39311459914246577,0.3339804076747817,0.3584281971940807,0.3910733619323097,0.32078680255814085,0.3428788005027638,0.38127363145344145,0.4264482696693723,0.34695839458118627,0.4260695015982844,0.463344514504037,0.48149600657475067,0.35899441913323266,0.4648329121580135,0.4818132628644225,0.500794380754439,0.4059601504171075,0.43234217484041565,0.4625294663565992,0.48183087938663716,0.37650948145316004,0.4535343088905078,0.4829522169900838,0.498892569990447,0.46762802161138134,0.48675509516754,0.4980532396486774,0.4438345869847998,0.43509313759403334,0.4555622583264442,0.46939477142673636,0.43791133166555474,0.2958131695629804,0.33484898117266904,0.337010522801563,0.36284766099898413,0.4187139877389439,0.4332175783806943,0.4580732983839962,0.34379921080699233,0.26717613742382434,0.32699962672890753,0.3761789962117813,0.35480809761898613,0.3643013244287614,0.41310933535177036,0.44251780673958035,0.3927855260186188,0.2700838863903786,0.3141075969127713,0.305631231740015,0.3742592003520191,0.4118031715778384,0.4273409679980472,0.3646730095929538,0.4628470387901513,0.47712256696053335,0.49388246389296797,0.42411311381494693,0.3931930213717502,0.45938880766956114,0.494066137698473,0.433330455608188,0.45257207180864795,0.4806149090536962,0.3414076687227024,0.3708435281156872,0.3911532879378374,0.3675158437307501,-0.3564056023234706,-0.34804243540504254,-0.2761104320041,0.4168149196551933,0.45223992753448655,0.14533625874216724,0.40937525647639433,0.2451618984993795,0.33258507005938287,0.1461589480991641,0.28747614330730265,0.3633182006238827,0.3027544779518038,0.17260910111256547,0.21912446424443338,0.20657064820205762,0.29139447127655227,0.33953397014908543,0.2309425386418072,0.1584304026866709,0.2103750653408643,0.030695797028934067,-0.3571808315640453,0.33638376958866856,0.35603898898812486,0.4107155807618921,0.3741499612750937,-0.13099521279295057,0.1322310166557324,0.13699380229260275,0.09642959176588925,0.08884000841173544,-0.0856875977045526,-0.01746341229608749,-0.13067519828444038,-0.135080961928162,-0.0355225061642344,-0.06258167017256795,-0.07577880063074907,-0.10161206032194853,-0.09781138129266724,-0.09059529255573497
Adj Close^AORD,0.2647973516125473,0.35476042071290287,0.3634579659427638,-0.09807341968233813,0.4056567283520257,0.08011735133808992,0.12366300475572545,0.13572751788692838,0.1513751423718404,0.30932211407257026,0.7321660378238835,0.7881230342645608,1.0,0.3146926949927673,0.7527373281975156,0.7873755601425091,0.9971504891656416,0.4410232082385064,0.4782752960204171,0.49972597224096904,0.4470006180615901,0.2528803018812812,0.325247363438301,0.3721986905369306,0.3291109080098837,0.2738395603312819,0.3773168079702424,0.4080025932867106,0.36720069992001675,0.34582360211796986,0.4461405252063083,0.45473043185496453,0.3951724686972539,0.4425314678180078,0.47663232932857597,0.502366108661542,0.44773172401494843,0.39373857130914336,0.4476561244821407,0.47192033553989426,0.40403022118133036,0.3747028985086577,0.46530940694505546,0.47344080714248077,0.4299918161149012,0.4708997436151002,0.4551748264626041,0.46664412170203506,0.34324550513792784,0.4116858956451531,0.4151006453001041,0.4188410101367941,0.2321622715439117,0.33110600995944056,0.3297384269254609,0.3786771264844287,0.4125428473366898,0.4390764923184149,0.4615148582372077,0.3838687225465516,0.19635779612414891,0.2888239689198297,0.3170803923228661,0.34471669808110633,0.2596850977698894,0.340794795520891,0.3699050680610511,0.3853934074824991,0.2119841905986661,0.28068307690514965,0.30825092375230495,0.3070423999695821,0.40502140665504993,0.4149559246611081,0.38699271222677195,0.44987554162907667,0.48726346646668245,0.5085251439124345,0.4645970076303812,0.3461917308434179,0.44871594909578794,0.477958313127438,0.3827376742745124,0.4421817523462193,0.4658076437747514,0.3813793735905701,0.298993940449123,0.3292580268183823,0.35909754327140503,-0.34320682116836165,-0.3512147337739116,-0.31671545740848633,0.34317534403665695,0.42975739573516625,0.15895203230704738,0.4260441411512698,0.21091336113541098,0.27959989667774376,0.11782077151862624,0.2492388641843695,0.30468688995445714,0.25188298716010177,0.14358270956160504,0.18267299974955517,0.16407604722882696,0.25398000221093453,0.295436392471848,0.19827358144106275,0.13634440920251617,0.1639373833352956,0.050387447802364975,-0.36452436902680774,0.30946429352878646,0.25152338210449265,0.4413811693839441,0.4084434640823015,-0.10123870819034388,0.09762744653618219,0.09902406470949765,0.07210418433170106,0.06683646834716346,-0.0699149351147127,0.018174160333522784,-0.10438366477645293,-0.10791465174332017,0.006077123728933934,-0.05316675386101201,-0.06431049702030779,-0.0809936809745486,-0.0801930632335268,-0.07726625944258617
Open^AXJO,0.3871595383388529,0.39073448835503305,0.38983955206317955,-0.07687906467394204,0.3513583184938435,0.15093973553995638,0.16214605300480298,0.1539016811928559,0.13545132923290784,0.9940648720373226,0.7041202193911077,0.6808585371725694,0.3146926949927673,1.0,0.6932600940331622,0.6767446461714979,0.29989232895743456,0.3541180057236693,0.3246650022429493,0.3234539071438972,0.22475179480179905,0.31892060234027053,0.31243865917868835,0.3068046040970869,0.24304359440681064,0.34055070988489505,0.279836983826131,0.28594047235890235,0.1953602574337318,0.37632874545197315,0.32101878038433845,0.31573199570713767,0.17090693106378713,0.3545882450544159,0.3325712747271224,0.3315007157881254,0.2281673607300722,0.35782433167530414,0.3213438837809058,0.31974083792698516,0.22526271413929122,0.39008641100159347,0.33424302327419736,0.32566659980420737,0.35637249273712734,0.3611383888709112,0.37052809356064653,0.25364646762873094,0.4075508660854193,0.40672235906694215,0.4076011904441473,0.3638631864942504,0.29611433838677004,0.2511756446565424,0.22091993610778446,0.20847620765443525,0.29287160755470293,0.27844583683354857,0.28295875013663113,0.1684220755104646,0.29957585807251685,0.303343333809936,0.31879411620711634,0.2661426450101033,0.34763395715424456,0.37454717218930533,0.3732979304668752,0.31851479956762935,0.28604535552085325,0.26799602198139044,0.19309538840609394,0.36421721281219777,0.28671998854219494,0.3004910621814687,0.19917350126044517,0.36324788430945465,0.3348436616483851,0.32977396294199923,0.2421729884555428,0.3641094021926556,0.33511138342664176,0.33552999575096204,0.3455469670628465,0.3088882917393868,0.30995354873450875,0.17089858593160212,0.344798434026203,0.33734262973106227,0.3127772816814902,-0.2515103840054179,-0.16923253174607064,-0.09460489685889825,0.36580725380036117,0.32984280921950054,0.08894390519728254,0.23351995958200453,0.21790018032312142,0.30270446627444797,0.13149562604177958,0.2525296940982432,0.3241658309621639,0.2833638665590202,0.18942052995674635,0.2303527085703795,0.22134828278490248,0.2548980702060549,0.29329252390220817,0.2173458807097792,0.15847622867331781,0.22286703904083374,0.004942285537762868,-0.203962518415144,0.25647776912961906,0.3229296574728466,0.21424450068399314,0.1834988554934668,-0.1377701507903979,0.12486386015446908,0.11256859198580293,0.08389024502794105,0.07750196373381765,-0.07319543336862681,-0.022015804150268978,-0.10995248098689411,-0.11321988959160569,-0.05696977242474196,-0.04234925668446674,-0.04621882788723446,-0.09369684913683148,-0.09094660655622651,-0.08595863816720486
